0472033
0349047
1187047
0443649
0050083
0114746
1542344
0322259
0062622
1190080
0478087
0463854
0389722
0416449
1428436
1458175
0443274
0936501
0429493
0327084
0783233
1600195
0109040
0112281
0056801
0418455
0268126
1091722
0838247
1393746
1186830
0119173
0443701
1014759
0078748
0118583
0103644
0370263
0090605
0758730
1175709
0490076
1334260
1630027
0169547
0802948
0765429
0120586
1440728
1391034
0328832
1549572
0870984
0078788
0472043
0112384
1772240
0800308
0913354
1645080
1430607
1478964
1068641
0106977
1226273
1244659
0118655
0145660
0295178
0499549
0765432
0364970
0112442
0172156
1095217
1173687
0103772
0096895
0372784
0103776
1217613
1533013
0268978
0960731
1532503
1100051
0221733
1554091
1244754
1235124
1164999
1181791
0265086
1479269
0947798
0120611
0187738
0083658
0359013
0878804
0450259
0984200
1120985
0276830
1300851
0144117
1037705
0486946
0258463
0440963
0372183
0362478
0112573
1324999
1273241
0765010
0780536
1462758
0887883
1283887
1106860
960741
0458339
1542852
0074285
0806203
1216475
1194417
1020558
0892255
0299658
1172571
1352824
1325723
0033467
0317248
1060277
0844479
1657507
1172991
0816462
0968264
0360486
1385867
1445729
0409847
1183665
0455407
0974014
1336617
0382625
0468569
0319262
0433362
1278340
1028528
0452608
0804461
1226753
0106697
0407887
0435625
0420238
1314655
1270262
0099422
1578275
1136608
0486822
0421054
1270761
0246578
0483607
0892769
1127180
1502404
0061852
0963966
0109686
1135487
1013860
0453467
83866
1059786
1034389
1325004
1020530
819714
104257
1067106
73486
1282140
414055
1217616
0116209
1191111
1111422
238380
0105695
99864
1386588
387131
1322306
0070047
1320253
406759
211915
1262406
0977855
0096438
0032455
486576
432283
1013752
232500
1596343
1433108
120669
0047396
137523
0964517
195714
309593
414982
1144884
1622979
266543
1232776
1054588
91064
815245
325980
383574
449088
424095
0154506
1405500
109830
0414993
329101
758746
824747
98084
1438176
116367
1179034
814685
870111
1323045
93058
1686039
119116
1046173
1034032
333766
0091251
116409
1148770
482572
1197624
1210042
0113568
1139328
172495
918927
0385752
0099685
0455957
1205489
0990407
1133985
947810
87363
373883
77651
1311067
448157
1119646
1411697
0993842
949731
424136
1289406
0330373
0304141
0417741
0373889
0241527
0926084
1201607
0295297
492044
0376541
1220214
113277
498399
167190
411477
93177
1454029
1220888
64603
1212419
120737
167260
167261
864761
1403177
454841
800069
399146
465494
1640459
1014762
892767
450278
425112
852713
1172994
480249
1242432
1356864
343818
268380
438097
1080016
1667889
1323594
1464540
387808
808151
1253864
95489
0995851
380510
1375666
116629
367882
97576
87469
82971
361748
1591095
0278504
963178
110148
1057500
0371746
1228705
1233301
0804497
1068680
830558
119396
381061
0093428
0071807
0120347
0076752
0066995
0143145
0059800
0113189
0058150
0090264
0064757
0082398
0070328
0057076
0097742
0062512
0079574
0086034
0086006
0246460
0055928
830515
1229822
418763
1130988
1131734
0462499
1075747
489099
914798
467406
1054606
800320
87538
1155076
1114740
1038919
466713
1250777
0842926
266697
378194
0954947
1375670
349683
1504320
1013743
448011
1320082
772181
0472062
441773
1302011
1034331
110357
320661
1313092
780521
119488
0375679
947802
1584131
844708
1294688
1151359
79470
289992
1535970
0960144
1436034
1219342
0938283
1038686
1228987
1320244
1219289
1189340
399295
0480255
1541874
811138
425210
110413
0022100
0985694
79501
89530
82694
479952
351283
758774
116996
1441326
1029234
110475
133093
234215
242653
467197
0472399
1518812
1001526
1073498
1527186
0209144
765476
0790712
425430
0017136
1251757
1068961
1013753
0405159
880570
1366409
0790686
99348
450405
49513
0027977
198781
1470827
892782
1182345
1121977
780571
0485947
859163
209163
120616
1179891
0765120
0872230
1234548
1263757
1226229
363547
110632
884328
0417397
1259571
435705
1073241
0775543
87800
1179056
1186367
477348
0013442
481369
1049413
976238
57380
1235796
985699
431197
1148204
1032825
488604
1188729
457430
0015648
1179904
396171
335345
1396221
68646
71562
99674
1092026
814255
971209
1439572
253474
464154
1298650
""
1385826
1077258
91763
486640
929632
93773
1424381
482571
0822847
473075
0054215
1152836
1259014
411272
110912
450314
1082868
1245526
83944
1192628
0398286
0042876
382932
0433035
1530983
1486185
0873886
373051
1403981
1053424
0180093
105236
120804
1220634
318627
1174954
432021
1334102
1498569
1436562
1318514
1161864
71853
0898367
955308
93870
100502
117500
1265990
838232
383216
0063522
1612774
963794
1196340
1017451
93894
0944835
0881320
387564
1477076
432348
489270
890870
1132626
1233227
86250
56452
108052
120863
248408
102926
0467200
1232783
0446029
1262416
0479997
421715
1114731
0138097
988045
81505
0465602
0822854
1130884
0386032
114369
814314
47478
0047478
384537
462538
401792
1315981
167404
1564585
1010048
0472181
1139797
1285016
845046
120815
0970452
0945513
94012
114508
145487
316654
413300
0064116
831887
1017460
1379177
861689
796366
1185834
120915
121765
121766
76759
80684
86190
120201
844760
473705
1231583
95016
112864
99423
337978
414387
1423995
482606
0999913
421073
0978764
1512235
1650062
829482
426592
986263
408236
970416
920458
1675192
1135084
75314
1274300
88247
103064
181852
438488
1568346
1316616
469494
469623
117894
146309
0800369
1509767
0983193
494238
0120338
92099
1243957
471041
0840361
801526
139654
988047
418279
1055369
1399103
1129442
800241
0478304
862856
84827
1104001
942385
1403865
1529572
314353
1465522
1099212
765443
0887912
1223934
370032
1034303
1139668
217869
320691
834001
401855
800080
317705
1401152
393597
0477080
363163
0159365
0914863
1193138
0434409
1452628
0057345
1132620
1216487
1343097
338013
368891
465234
0052357
111161
1220198
0954544
976051
464141
1027718
910970
493464
1369706
1291584
1032751
1067583
0409459
1023114
73195
1063669
0896872
1550524
365929
1167599
1235189
1183923
57687
58751
59915
61197
63818
795441
1399683
1692504
780653
1596365
1316622
1125849
1661099
120903
376994
290334
458525
1270798
1240982
450385
443706
1156398
88763
96874
99088
60196
1331016
402022
